10
20
7 18 12 2 12 3 2 10 7 15 10 12 1 9 19 12 6 13 18 5 
20
16 17 6 19 3 1 1 7 9 8 7 8 7 10 8 1 20 8 15 12 
20
7 19 8 4 5 13 11 15 13 14 18 16 2 10 13 11 19 18 14 17 
20
17 20 14 14 10 14 12 12 12 20 15 6 10 11 1 16 4 11 4 17 
20
4 18 16 16 5 20 9 7 20 16 19 15 15 7 10 13 9 17 18 1 
20
4 13 4 2 5 18 3 2 10 20 6 5 20 12 6 6 7 7 18 7 
20
13 1 3 16 13 1 18 1 11 5 5 9 18 18 8 6 8 17 4 17 
20
11 12 8 1 17 3 20 9 14 9 11 10 2 9 20 4 2 4 16 15 
20
4 7 16 6 4 6 9 18 17 7 9 18 9 19 14 11 5 20 4 15 
20
4 5 5 4 6 10 20 4 19 13 19 17 7 4 16 18 3 19 2 2 
