t = 0.456973
prio: 480 475 439 436 388 364 318 310 308 278 274 247 237 195 174 132 62 43 41 35 
nprio: 489.345 449.345 445.345 437.345 406.345 391.345 356.345 346.345 344.345 334.345 321.345 320.345 276.345 252.345 247.345 243.345 240.345 238.345 225.345 211.345 191.345 176.345 169.345 153.345 133.345 108.345 103.345 81.3448 13.3448 
sz(prio) = 20
sz(nprio) = 29
t = 1.38477
prio: 445 440 404 401 353 329 283 275 273 243 239 212 202 160 139 97 27 8 6 
nprio: 481.299 441.299 437.299 429.299 398.299 383.299 348.299 338.299 336.299 326.299 313.299 312.299 268.299 244.299 239.299 235.299 232.299 230.299 217.299 203.299 183.299 168.299 161.299 145.299 125.299 100.299 95.2989 73.2989 5.29885 
sz(prio) = 19
sz(nprio) = 29
t = 0.225519
prio: 439 434 398 395 347 323 277 269 267 237 233 206 196 154 133 91 21 2 
nprio: 479.989 439.989 435.989 427.989 396.989 381.989 346.989 336.989 334.989 324.989 311.989 310.989 266.989 242.989 237.989 233.989 230.989 228.989 215.989 201.989 181.989 166.989 159.989 143.989 123.989 98.9885 93.9885 71.9885 3.98851 
sz(prio) = 18
sz(nprio) = 29
t = 0.0712166
prio: 437 432 396 393 345 321 275 267 265 235 231 204 194 152 131 89 19 
nprio: 479.575 439.575 435.575 427.575 396.575 381.575 346.575 336.575 334.575 324.575 311.575 310.575 266.575 242.575 237.575 233.575 230.575 228.575 215.575 201.575 181.575 166.575 159.575 143.575 123.575 98.5747 93.5747 71.5747 3.57471 
sz(prio) = 17
sz(nprio) = 29
t = 0.615232
prio: 418.706 413.706 377.706 374.706 326.706 302.706 256.706 248.706 246.706 216.706 212.706 185.706 175.706 133.706 112.706 70.7059 0.705882 
nprio: 476 436 432 424 393 378 343 333 331 321 308 307 263 239 234 230 227 225 212 198 178 163 156 140 120 95 90 68 
sz(prio) = 17
sz(nprio) = 28
t = 0.0237389
prio: 418 413 377 374 326 302 256 248 246 216 212 185 175 133 112 70 
nprio: 475.857 435.857 431.857 423.857 392.857 377.857 342.857 332.857 330.857 320.857 307.857 306.857 262.857 238.857 233.857 229.857 226.857 224.857 211.857 197.857 177.857 162.857 155.857 139.857 119.857 94.8571 89.8571 67.8571 
sz(prio) = 16
sz(nprio) = 28
t = 2.21563
prio: 348 343 307 304 256 232 186 178 176 146 142 115 105 63 42 
nprio: 462.524 422.524 418.524 410.524 379.524 364.524 329.524 319.524 317.524 307.524 294.524 293.524 249.524 225.524 220.524 216.524 213.524 211.524 198.524 184.524 164.524 149.524 142.524 126.524 106.524 81.5238 76.5238 54.5238 
sz(prio) = 15
sz(nprio) = 28
t = 1.24629
prio: 306 301 265 262 214 190 144 136 134 104 100 73 63 21 
nprio: 455.024 415.024 411.024 403.024 372.024 357.024 322.024 312.024 310.024 300.024 287.024 286.024 242.024 218.024 213.024 209.024 206.024 204.024 191.024 177.024 157.024 142.024 135.024 119.024 99.0238 74.0238 69.0238 47.0238 
sz(prio) = 14
sz(nprio) = 28
t = 0.581602
prio: 285 280 244 241 193 169 123 115 113 83 79 52 42 
nprio: 451.524 411.524 407.524 399.524 368.524 353.524 318.524 308.524 306.524 296.524 283.524 282.524 238.524 214.524 209.524 205.524 202.524 200.524 187.524 173.524 153.524 138.524 131.524 115.524 95.5238 70.5238 65.5238 43.5238 
sz(prio) = 13
sz(nprio) = 28
t = 1.08012
prio: 243 238 202 199 151 127 81 73 71 41 37 10 
nprio: 445.024 405.024 401.024 393.024 362.024 347.024 312.024 302.024 300.024 290.024 277.024 276.024 232.024 208.024 203.024 199.024 196.024 194.024 181.024 167.024 147.024 132.024 125.024 109.024 89.0238 64.0238 59.0238 37.0238 
sz(prio) = 12
sz(nprio) = 28
t = 0.237389
prio: 233 228 192 189 141 117 71 63 61 31 27 
nprio: 443.595 403.595 399.595 391.595 360.595 345.595 310.595 300.595 298.595 288.595 275.595 274.595 230.595 206.595 201.595 197.595 194.595 192.595 179.595 165.595 145.595 130.595 123.595 107.595 87.5952 62.5952 57.5952 35.5952 
sz(prio) = 11
sz(nprio) = 28
t = 0.587537
prio: 206 201 165 162 114 90 44 36 34 4 
nprio: 440.06 400.06 396.06 388.06 357.06 342.06 307.06 297.06 295.06 285.06 272.06 271.06 227.06 203.06 198.06 194.06 191.06 189.06 176.06 162.06 142.06 127.06 120.06 104.06 84.0595 59.0595 54.0595 32.0595 
sz(prio) = 10
sz(nprio) = 28
t = 0.0791296
prio: 202 197 161 158 110 86 40 32 30 
nprio: 439.583 399.583 395.583 387.583 356.583 341.583 306.583 296.583 294.583 284.583 271.583 270.583 226.583 202.583 197.583 193.583 190.583 188.583 175.583 161.583 141.583 126.583 119.583 103.583 83.5833 58.5833 53.5833 31.5833 
sz(prio) = 9
sz(nprio) = 28
t = 0.534125
prio: 172 167 131 128 80 56 10 2 
nprio: 436.369 396.369 392.369 384.369 353.369 338.369 303.369 293.369 291.369 281.369 268.369 267.369 223.369 199.369 194.369 190.369 187.369 185.369 172.369 158.369 138.369 123.369 116.369 100.369 80.369 55.369 50.369 28.369 
sz(prio) = 8
sz(nprio) = 28
t = 0.0316518
prio: 170 165 129 126 78 54 8 
nprio: 436.179 396.179 392.179 384.179 353.179 338.179 303.179 293.179 291.179 281.179 268.179 267.179 223.179 199.179 194.179 190.179 187.179 185.179 172.179 158.179 138.179 123.179 116.179 100.179 80.1786 55.1786 50.1786 28.1786 
sz(prio) = 7
sz(nprio) = 28
t = 0.110781
prio: 162 157 121 118 70 46 
nprio: 435.512 395.512 391.512 383.512 352.512 337.512 302.512 292.512 290.512 280.512 267.512 266.512 222.512 198.512 193.512 189.512 186.512 184.512 171.512 157.512 137.512 122.512 115.512 99.5119 79.5119 54.5119 49.5119 27.5119 
sz(prio) = 6
sz(nprio) = 28
t = 0.545994
prio: 116 111 75 72 24 
nprio: 432.226 392.226 388.226 380.226 349.226 334.226 299.226 289.226 287.226 277.226 264.226 263.226 219.226 195.226 190.226 186.226 183.226 181.226 168.226 154.226 134.226 119.226 112.226 96.2262 76.2262 51.2262 46.2262 24.2262 
sz(prio) = 5
sz(nprio) = 28
t = 0.237389
prio: 92 87 51 48 
nprio: 430.798 390.798 386.798 378.798 347.798 332.798 297.798 287.798 285.798 275.798 262.798 261.798 217.798 193.798 188.798 184.798 181.798 179.798 166.798 152.798 132.798 117.798 110.798 94.7976 74.7976 49.7976 44.7976 22.7976 
sz(prio) = 4
sz(nprio) = 28
t = 0.379822
prio: 44 39 3 
nprio: 428.512 388.512 384.512 376.512 345.512 330.512 295.512 285.512 283.512 273.512 260.512 259.512 215.512 191.512 186.512 182.512 179.512 177.512 164.512 150.512 130.512 115.512 108.512 92.5119 72.5119 47.5119 42.5119 20.5119 
sz(prio) = 3
sz(nprio) = 28
t = 0.0178042
prio: 41 36 
nprio: 428.405 388.405 384.405 376.405 345.405 330.405 295.405 285.405 283.405 273.405 260.405 259.405 215.405 191.405 186.405 182.405 179.405 177.405 164.405 150.405 130.405 115.405 108.405 92.4048 72.4048 47.4048 42.4048 20.4048 
sz(prio) = 2
sz(nprio) = 28
t = 0.142433
prio: 5 
nprio: 427.548 387.548 383.548 375.548 344.548 329.548 294.548 284.548 282.548 272.548 259.548 258.548 214.548 190.548 185.548 181.548 178.548 176.548 163.548 149.548 129.548 114.548 107.548 91.5476 71.5476 46.5476 41.5476 19.5476 
sz(prio) = 1
sz(nprio) = 28
t = 0.0098912
prio: 
nprio: 427.488 387.488 383.488 375.488 344.488 329.488 294.488 284.488 282.488 272.488 259.488 258.488 214.488 190.488 185.488 181.488 178.488 176.488 163.488 149.488 129.488 114.488 107.488 91.4881 71.4881 46.4881 41.4881 19.4881 
sz(prio) = 0
sz(nprio) = 28
t = 0.809594
prio: 408 368 364 356 325 310 275 265 263 253 240 239 195 171 166 162 159 157 144 130 110 95 88 72 52 27 22 
nprio: 
sz(prio) = 27
sz(nprio) = 0
t = 0.881306
prio: 386 346 342 334 303 288 253 243 241 231 218 217 173 149 144 140 137 135 122 108 88 73 66 50 30 5 
nprio: 
sz(prio) = 26
sz(nprio) = 0
t = 0.192878
prio: 381 341 337 329 298 283 248 238 236 226 213 212 168 144 139 135 132 130 117 103 83 68 61 45 25 
nprio: 
sz(prio) = 25
sz(nprio) = 0
t = 0.9273
prio: 356 316 312 304 273 258 223 213 211 201 188 187 143 119 114 110 107 105 92 78 58 43 36 20 
nprio: 
sz(prio) = 24
sz(nprio) = 0
t = 0.712166
prio: 336 296 292 284 253 238 203 193 191 181 168 167 123 99 94 90 87 85 72 58 38 23 16 
nprio: 
sz(prio) = 23
sz(nprio) = 0
t = 0.545994
prio: 320 280 276 268 237 222 187 177 175 165 152 151 107 83 78 74 71 69 56 42 22 7 
nprio: 
sz(prio) = 22
sz(nprio) = 0
t = 0.228487
prio: 313 273 269 261 230 215 180 170 168 158 145 144 100 76 71 67 64 62 49 35 15 
nprio: 
sz(prio) = 21
sz(nprio) = 0
t = 0.467359
prio: 298 258 254 246 215 200 165 155 153 143 130 129 85 61 56 52 49 47 34 20 
nprio: 
sz(prio) = 20
sz(nprio) = 0
t = 0.593472
prio: 278 238 234 226 195 180 145 135 133 123 110 109 65 41 36 32 29 27 14 
nprio: 
sz(prio) = 19
sz(nprio) = 0
t = 0.394659
prio: 264 224 220 212 181 166 131 121 119 109 96 95 51 27 22 18 15 13 
nprio: 
sz(prio) = 18
sz(nprio) = 0
t = 0.347181
prio: 251 211 207 199 168 153 118 108 106 96 83 82 38 14 9 5 2 
nprio: 
sz(prio) = 17
sz(nprio) = 0
t = 0.0504451
prio: 249 209 205 197 166 151 116 106 104 94 81 80 36 12 7 3 
nprio: 
sz(prio) = 16
sz(nprio) = 0
t = 0.0712166
prio: 246 206 202 194 163 148 113 103 101 91 78 77 33 9 4 
nprio: 
sz(prio) = 15
sz(nprio) = 0
t = 0.0890208
prio: 242 202 198 190 159 144 109 99 97 87 74 73 29 5 
nprio: 
sz(prio) = 14
sz(nprio) = 0
t = 0.103858
prio: 237 197 193 185 154 139 104 94 92 82 69 68 24 
nprio: 
sz(prio) = 13
sz(nprio) = 0
t = 0.462908
prio: 213 173 169 161 130 115 80 70 68 58 45 44 
nprio: 
sz(prio) = 12
sz(nprio) = 0
t = 0.783383
prio: 169 129 125 117 86 71 36 26 24 14 1 
nprio: 
sz(prio) = 11
sz(nprio) = 0
t = 0.0163205
prio: 168 128 124 116 85 70 35 25 23 13 
nprio: 
sz(prio) = 10
sz(nprio) = 0
t = 0.192878
prio: 155 115 111 103 72 57 22 12 10 
nprio: 
sz(prio) = 9
sz(nprio) = 0
t = 0.133531
prio: 145 105 101 93 62 47 12 2 
nprio: 
sz(prio) = 8
sz(nprio) = 0
t = 0.0237389
prio: 143 103 99 91 60 45 10 
nprio: 
sz(prio) = 7
sz(nprio) = 0
t = 0.103858
prio: 133 93 89 81 50 35 
nprio: 
sz(prio) = 6
sz(nprio) = 0
t = 0.311573
prio: 98 58 54 46 15 
nprio: 
sz(prio) = 5
sz(nprio) = 0
t = 0.111276
prio: 83 43 39 31 
nprio: 
sz(prio) = 4
sz(nprio) = 0
t = 0.183976
prio: 52 12 8 
nprio: 
sz(prio) = 3
sz(nprio) = 0
t = 0.0356083
prio: 44 4 
nprio: 
sz(prio) = 2
sz(nprio) = 0
t = 0.0118694
prio: 40 
nprio: 
sz(prio) = 1
sz(nprio) = 0
t = 0.0593472
prio: 
nprio: 
sz(prio) = 0
sz(nprio) = 0
19.66023738872403560894
 