t = 0.456973
prio: 35 41 43 62 132 174 195 237 247 274 278 308 310 318 364 388 436 439 475 480 
nprio: 13.3448 81.3448 103.345 108.345 133.345 153.345 169.345 176.345 191.345 211.345 225.345 238.345 240.345 243.345 247.345 252.345 276.345 320.345 321.345 334.345 344.345 346.345 356.345 391.345 406.345 437.345 445.345 449.345 489.345 
sz(prio) = 20
sz(nprio) = 29
t = 1.38477
prio: 6 8 27 97 139 160 202 212 239 243 273 275 283 329 353 401 404 440 445 
nprio: 5.29885 73.2989 95.2989 100.299 125.299 145.299 161.299 168.299 183.299 203.299 217.299 230.299 232.299 235.299 239.299 244.299 268.299 312.299 313.299 326.299 336.299 338.299 348.299 383.299 398.299 429.299 437.299 441.299 481.299 
sz(prio) = 19
sz(nprio) = 29
t = 0.225519
prio: 2 21 91 133 154 196 206 233 237 267 269 277 323 347 395 398 434 439 
nprio: 3.98851 71.9885 93.9885 98.9885 123.989 143.989 159.989 166.989 181.989 201.989 215.989 228.989 230.989 233.989 237.989 242.989 266.989 310.989 311.989 324.989 334.989 336.989 346.989 381.989 396.989 427.989 435.989 439.989 479.989 
sz(prio) = 18
sz(nprio) = 29
t = 0.0712166
prio: 19 89 131 152 194 204 231 235 265 267 275 321 345 393 396 432 437 
nprio: 3.57471 71.5747 93.5747 98.5747 123.575 143.575 159.575 166.575 181.575 201.575 215.575 228.575 230.575 233.575 237.575 242.575 266.575 310.575 311.575 324.575 334.575 336.575 346.575 381.575 396.575 427.575 435.575 439.575 479.575 
sz(prio) = 17
sz(nprio) = 29
t = 0.615232
prio: 0.705882 70.7059 112.706 133.706 175.706 185.706 212.706 216.706 246.706 248.706 256.706 302.706 326.706 374.706 377.706 413.706 418.706 
nprio: 68 90 95 120 140 156 163 178 198 212 225 227 230 234 239 263 307 308 321 331 333 343 378 393 424 432 436 476 
sz(prio) = 17
sz(nprio) = 28
t = 0.0237389
prio: 70 112 133 175 185 212 216 246 248 256 302 326 374 377 413 418 
nprio: 67.8571 89.8571 94.8571 119.857 139.857 155.857 162.857 177.857 197.857 211.857 224.857 226.857 229.857 233.857 238.857 262.857 306.857 307.857 320.857 330.857 332.857 342.857 377.857 392.857 423.857 431.857 435.857 475.857 
sz(prio) = 16
sz(nprio) = 28
t = 2.21563
prio: 42 63 105 115 142 146 176 178 186 232 256 304 307 343 348 
nprio: 54.5238 76.5238 81.5238 106.524 126.524 142.524 149.524 164.524 184.524 198.524 211.524 213.524 216.524 220.524 225.524 249.524 293.524 294.524 307.524 317.524 319.524 329.524 364.524 379.524 410.524 418.524 422.524 462.524 
sz(prio) = 15
sz(nprio) = 28
t = 1.24629
prio: 21 63 73 100 104 134 136 144 190 214 262 265 301 306 
nprio: 47.0238 69.0238 74.0238 99.0238 119.024 135.024 142.024 157.024 177.024 191.024 204.024 206.024 209.024 213.024 218.024 242.024 286.024 287.024 300.024 310.024 312.024 322.024 357.024 372.024 403.024 411.024 415.024 455.024 
sz(prio) = 14
sz(nprio) = 28
t = 0.581602
prio: 42 52 79 83 113 115 123 169 193 241 244 280 285 
nprio: 43.5238 65.5238 70.5238 95.5238 115.524 131.524 138.524 153.524 173.524 187.524 200.524 202.524 205.524 209.524 214.524 238.524 282.524 283.524 296.524 306.524 308.524 318.524 353.524 368.524 399.524 407.524 411.524 451.524 
sz(prio) = 13
sz(nprio) = 28
t = 1.08012
prio: 10 37 41 71 73 81 127 151 199 202 238 243 
nprio: 37.0238 59.0238 64.0238 89.0238 109.024 125.024 132.024 147.024 167.024 181.024 194.024 196.024 199.024 203.024 208.024 232.024 276.024 277.024 290.024 300.024 302.024 312.024 347.024 362.024 393.024 401.024 405.024 445.024 
sz(prio) = 12
sz(nprio) = 28
t = 0.237389
prio: 27 31 61 63 71 117 141 189 192 228 233 
nprio: 35.5952 57.5952 62.5952 87.5952 107.595 123.595 130.595 145.595 165.595 179.595 192.595 194.595 197.595 201.595 206.595 230.595 274.595 275.595 288.595 298.595 300.595 310.595 345.595 360.595 391.595 399.595 403.595 443.595 
sz(prio) = 11
sz(nprio) = 28
t = 0.587537
prio: 4 34 36 44 90 114 162 165 201 206 
nprio: 32.0595 54.0595 59.0595 84.0595 104.06 120.06 127.06 142.06 162.06 176.06 189.06 191.06 194.06 198.06 203.06 227.06 271.06 272.06 285.06 295.06 297.06 307.06 342.06 357.06 388.06 396.06 400.06 440.06 
sz(prio) = 10
sz(nprio) = 28
t = 0.0791296
prio: 30 32 40 86 110 158 161 197 202 
nprio: 31.5833 53.5833 58.5833 83.5833 103.583 119.583 126.583 141.583 161.583 175.583 188.583 190.583 193.583 197.583 202.583 226.583 270.583 271.583 284.583 294.583 296.583 306.583 341.583 356.583 387.583 395.583 399.583 439.583 
sz(prio) = 9
sz(nprio) = 28
t = 0.534125
prio: 2 10 56 80 128 131 167 172 
nprio: 28.369 50.369 55.369 80.369 100.369 116.369 123.369 138.369 158.369 172.369 185.369 187.369 190.369 194.369 199.369 223.369 267.369 268.369 281.369 291.369 293.369 303.369 338.369 353.369 384.369 392.369 396.369 436.369 
sz(prio) = 8
sz(nprio) = 28
t = 0.0316518
prio: 8 54 78 126 129 165 170 
nprio: 28.1786 50.1786 55.1786 80.1786 100.179 116.179 123.179 138.179 158.179 172.179 185.179 187.179 190.179 194.179 199.179 223.179 267.179 268.179 281.179 291.179 293.179 303.179 338.179 353.179 384.179 392.179 396.179 436.179 
sz(prio) = 7
sz(nprio) = 28
t = 0.110781
prio: 46 70 118 121 157 162 
nprio: 27.5119 49.5119 54.5119 79.5119 99.5119 115.512 122.512 137.512 157.512 171.512 184.512 186.512 189.512 193.512 198.512 222.512 266.512 267.512 280.512 290.512 292.512 302.512 337.512 352.512 383.512 391.512 395.512 435.512 
sz(prio) = 6
sz(nprio) = 28
t = 0.545994
prio: 24 72 75 111 116 
nprio: 24.2262 46.2262 51.2262 76.2262 96.2262 112.226 119.226 134.226 154.226 168.226 181.226 183.226 186.226 190.226 195.226 219.226 263.226 264.226 277.226 287.226 289.226 299.226 334.226 349.226 380.226 388.226 392.226 432.226 
sz(prio) = 5
sz(nprio) = 28
t = 0.237389
prio: 48 51 87 92 
nprio: 22.7976 44.7976 49.7976 74.7976 94.7976 110.798 117.798 132.798 152.798 166.798 179.798 181.798 184.798 188.798 193.798 217.798 261.798 262.798 275.798 285.798 287.798 297.798 332.798 347.798 378.798 386.798 390.798 430.798 
sz(prio) = 4
sz(nprio) = 28
t = 0.379822
prio: 3 39 44 
nprio: 20.5119 42.5119 47.5119 72.5119 92.5119 108.512 115.512 130.512 150.512 164.512 177.512 179.512 182.512 186.512 191.512 215.512 259.512 260.512 273.512 283.512 285.512 295.512 330.512 345.512 376.512 384.512 388.512 428.512 
sz(prio) = 3
sz(nprio) = 28
t = 0.0178042
prio: 36 41 
nprio: 20.4048 42.4048 47.4048 72.4048 92.4048 108.405 115.405 130.405 150.405 164.405 177.405 179.405 182.405 186.405 191.405 215.405 259.405 260.405 273.405 283.405 285.405 295.405 330.405 345.405 376.405 384.405 388.405 428.405 
sz(prio) = 2
sz(nprio) = 28
t = 0.142433
prio: 5 
nprio: 19.5476 41.5476 46.5476 71.5476 91.5476 107.548 114.548 129.548 149.548 163.548 176.548 178.548 181.548 185.548 190.548 214.548 258.548 259.548 272.548 282.548 284.548 294.548 329.548 344.548 375.548 383.548 387.548 427.548 
sz(prio) = 1
sz(nprio) = 28
t = 0.0098912
prio: 
nprio: 19.4881 41.4881 46.4881 71.4881 91.4881 107.488 114.488 129.488 149.488 163.488 176.488 178.488 181.488 185.488 190.488 214.488 258.488 259.488 272.488 282.488 284.488 294.488 329.488 344.488 375.488 383.488 387.488 427.488 
sz(prio) = 0
sz(nprio) = 28
t = 0.809594
prio: 
nprio: 22 27 52 72 88 95 110 130 144 157 159 162 166 171 195 239 240 253 263 265 275 310 325 356 364 368 408 
sz(prio) = 0
sz(nprio) = 27
t = 0.881306
prio: 
nprio: 5 30 50 66 73 88 108 122 135 137 140 144 149 173 217 218 231 241 243 253 288 303 334 342 346 386 
sz(prio) = 0
sz(nprio) = 26
t = 0.192878
prio: 
nprio: 25 45 61 68 83 103 117 130 132 135 139 144 168 212 213 226 236 238 248 283 298 329 337 341 381 
sz(prio) = 0
sz(nprio) = 25
t = 0.9273
prio: 
nprio: 20 36 43 58 78 92 105 107 110 114 119 143 187 188 201 211 213 223 258 273 304 312 316 356 
sz(prio) = 0
sz(nprio) = 24
t = 0.712166
prio: 
nprio: 16 23 38 58 72 85 87 90 94 99 123 167 168 181 191 193 203 238 253 284 292 296 336 
sz(prio) = 0
sz(nprio) = 23
t = 0.545994
prio: 
nprio: 7 22 42 56 69 71 74 78 83 107 151 152 165 175 177 187 222 237 268 276 280 320 
sz(prio) = 0
sz(nprio) = 22
t = 0.228487
prio: 
nprio: 15 35 49 62 64 67 71 76 100 144 145 158 168 170 180 215 230 261 269 273 313 
sz(prio) = 0
sz(nprio) = 21
t = 0.467359
prio: 
nprio: 20 34 47 49 52 56 61 85 129 130 143 153 155 165 200 215 246 254 258 298 
sz(prio) = 0
sz(nprio) = 20
t = 0.593472
prio: 
nprio: 14 27 29 32 36 41 65 109 110 123 133 135 145 180 195 226 234 238 278 
sz(prio) = 0
sz(nprio) = 19
t = 0.394659
prio: 
nprio: 13 15 18 22 27 51 95 96 109 119 121 131 166 181 212 220 224 264 
sz(prio) = 0
sz(nprio) = 18
t = 0.347181
prio: 
nprio: 2 5 9 14 38 82 83 96 106 108 118 153 168 199 207 211 251 
sz(prio) = 0
sz(nprio) = 17
t = 0.0504451
prio: 
nprio: 3 7 12 36 80 81 94 104 106 116 151 166 197 205 209 249 
sz(prio) = 0
sz(nprio) = 16
t = 0.0712166
prio: 
nprio: 4 9 33 77 78 91 101 103 113 148 163 194 202 206 246 
sz(prio) = 0
sz(nprio) = 15
t = 0.0890208
prio: 
nprio: 5 29 73 74 87 97 99 109 144 159 190 198 202 242 
sz(prio) = 0
sz(nprio) = 14
t = 0.103858
prio: 
nprio: 24 68 69 82 92 94 104 139 154 185 193 197 237 
sz(prio) = 0
sz(nprio) = 13
t = 0.462908
prio: 
nprio: 44 45 58 68 70 80 115 130 161 169 173 213 
sz(prio) = 0
sz(nprio) = 12
t = 0.783383
prio: 
nprio: 1 14 24 26 36 71 86 117 125 129 169 
sz(prio) = 0
sz(nprio) = 11
t = 0.0163205
prio: 
nprio: 13 23 25 35 70 85 116 124 128 168 
sz(prio) = 0
sz(nprio) = 10
t = 0.192878
prio: 
nprio: 10 12 22 57 72 103 111 115 155 
sz(prio) = 0
sz(nprio) = 9
t = 0.133531
prio: 
nprio: 2 12 47 62 93 101 105 145 
sz(prio) = 0
sz(nprio) = 8
t = 0.0237389
prio: 
nprio: 10 45 60 91 99 103 143 
sz(prio) = 0
sz(nprio) = 7
t = 0.103858
prio: 
nprio: 35 50 81 89 93 133 
sz(prio) = 0
sz(nprio) = 6
t = 0.311573
prio: 
nprio: 15 46 54 58 98 
sz(prio) = 0
sz(nprio) = 5
t = 0.111276
prio: 
nprio: 31 39 43 83 
sz(prio) = 0
sz(nprio) = 4
t = 0.183976
prio: 
nprio: 8 12 52 
sz(prio) = 0
sz(nprio) = 3
t = 0.0356083
prio: 
nprio: 4 44 
sz(prio) = 0
sz(nprio) = 2
t = 0.0118694
prio: 
nprio: 40 
sz(prio) = 0
sz(nprio) = 1
t = 0.0593472
prio: 
nprio: 
sz(prio) = 0
sz(nprio) = 0
19.6602373887
